2.043042592301205218e+00 2.883765147998929024e-03
4.038266916426432651e+00 2.378909150138497353e-03
5.924458630491677091e+00 2.061688574030995369e-03
7.982016503109700345e+00 1.834204187616705894e-03
9.876131672327348454e+00 1.666796742938458920e-03
1.221971625480199464e+01 1.522941398434340954e-03
1.388499320813136961e+01 1.403797185048460960e-03
1.577721056445088976e+01 1.301397802308201790e-03
1.792729527942781687e+01 1.211591763421893120e-03
2.037038896850017622e+01 1.144987763836979866e-03
2.218140348862271338e+01 1.086009899154305458e-03
2.415342492899436877e+01 1.022111275233328342e-03
2.630076749200283004e+01 9.672176092863082886e-04
2.744500233059069672e+01 9.174430742859840393e-04
2.988498017305386512e+01 8.848364232107996941e-04
3.254188245953778136e+01 8.533362415619194508e-04
3.395764173860658985e+01 8.140337886288762093e-04
3.543499469894943132e+01 7.860127952881157398e-04
3.858531696424819302e+01 7.552285678684711456e-04
4.026400044532429234e+01 7.259452831931412220e-04
4.201571632450789906e+01 6.951005780138075352e-04
4.384364193167296975e+01 6.699150544591248035e-04
4.575109282883960304e+01 6.476910784840583801e-04
4.774152882406840348e+01 6.286851712502539158e-04
4.981856024699383312e+01 6.094760028645396233e-04
5.198595449737955221e+01 5.902773700654506683e-04
5.424764287857346545e+01 5.683055496774613857e-04
5.660772772825743004e+01 5.501949926838278770e-04
5.907048985942578412e+01 5.281339399516582489e-04
6.164039632508912803e+01 5.118651315569877625e-04
6.432210852078745233e+01 5.007968284189701080e-04
6.712049063960940032e+01 4.802770854439586401e-04
7.004061849505332304e+01 4.635778313968330622e-04
7.308778872773380897e+01 4.445343511179089546e-04
7.626752841263277105e+01 4.311576485633850098e-04
7.958560508432152858e+01 4.174430505372583866e-04
8.304803719833741127e+01 4.001231282018125057e-04
8.666110504769095257e+01 3.817721153609454632e-04
9.043136215430361347e+01 3.667412674985826015e-04
9.436564715603878994e+01 3.478351281955838203e-04
9.847109621088709730e+01 3.371040802448987961e-04
1.027551559408053947e+02 3.252363530918955803e-04
1.072255969386869054e+02 3.172900760546326637e-04
1.118905278629624860e+02 3.021583834197372198e-04
1.167584101453984573e+02 2.877516672015190125e-04
1.218380733387679697e+02 2.748952538240700960e-04
1.271387311322346534e+02 2.617589489091187716e-04
1.326699980634978147e+02 2.537620312068611383e-04
1.384419069580119697e+02 2.432797336950898170e-04
1.444649271269125279e+02 2.346197143197059631e-04
1.507499833566568839e+02 2.270298427902162075e-04
1.573084757248236087e+02 2.176332491217181087e-04
1.641523002780131151e+02 2.059610997093841434e-04
1.712938706093561052e+02 1.949132420122623444e-04
1.787461403747681743e+02 1.864872610894963145e-04
1.865226267887907738e+02 1.801335893105715513e-04
1.946374351426364342e+02 1.733018289087340236e-04
2.031052843889107180e+02 1.659221306908875704e-04
2.119415338394164223e+02 1.595329231349751353e-04
2.211622110244661883e+02 1.514597970526665449e-04
2.307840407642355842e+02 1.464379311073571444e-04
2.408244755048876584e+02 1.401118206558749080e-04
2.513017269744933060e+02 1.331536623183637857e-04
2.622347992161663228e+02 1.280005380976945162e-04
2.736435230583305724e+02 1.268234773306176066e-04
2.855485920846421095e+02 1.234827359439805150e-04
2.979716001688096867e+02 1.180753533844836056e-04
3.109350806423963718e+02 1.146688809967599809e-04
3.244625471666464591e+02 1.090344885597005486e-04
3.385785363824716114e+02 1.044315649778582156e-04
3.533086524159566579e+02 9.752415644470602274e-05
3.686796133201125372e+02 9.262935782317072153e-05
3.847192995371116240e+02 9.112007683143019676e-05
4.014568044689100361e+02 8.922607230488210917e-05
4.189224872479830992e+02 8.587112824898213148e-05
4.371480278038918641e+02 8.228724618675187230e-05
4.561664843255612141e+02 7.968082354636862874e-05
4.760123532234998152e+02 7.437010935973376036e-05
4.967216317007205930e+02 6.874949031043797731e-05
5.183318830458571256e+02 6.386153836501762271e-05
5.408823047669059179e+02 6.077597208786755800e-05
5.644137996891803368e+02 5.899968891753815114e-05
5.889690501464336876e+02 5.427130963653326035e-05
6.145925953997221995e+02 5.075781518826261163e-05
6.413309124244375425e+02 4.959990110364742577e-05
6.692325002120380759e+02 4.586819341056980193e-05
6.983479677393909242e+02 4.362588879303075373e-05
7.287301257652891309e+02 4.072810770594514906e-05
7.604340826206433803e+02 3.832827860605902970e-05
7.935173441660990648e+02 3.622197255026549101e-05
8.280399180983863516e+02 3.444930189289152622e-05
8.640644227945977036e+02 2.933871110144536942e-05
9.016562008918157289e+02 2.410381239315029234e-05
9.408834378081106706e+02 2.525853415136225522e-05
9.818172854198849109e+02 2.151016815332695842e-05
1.024531991119891472e+03 1.763005639077164233e-05
1.069105032490020221e+03 1.656130370975006372e-05
1.115617257833127042e+03 1.737995989969931543e-05
1.164153032818806423e+03 2.057530946331098676e-05
1.214800393509098967e+03 1.807426633604336530e-05
1.267651206041699197e+03 1.254774360859300941e-05
1.322801333260301590e+03 9.355274414701852947e-06
1.380350808594325372e+03 7.539563739555887878e-06
1.440404017503412206e+03 5.567649623117176816e-06
1.503069886815799691e+03 4.653945325117092580e-06
1.568462082304007026e+03 6.388807832991005853e-06
1.636699214856203298e+03 8.439455086772795767e-06
1.707905055617212383e+03 5.991256330162286758e-06
1.782208760489390897e+03 7.325849310291232541e-06
1.859745104400591799e+03 7.218934115371666849e-06
1.940654725764129353e+03 1.201172494802449364e-06
2.025084381574161853e+03 -2.461635403960826807e-06
2.113187213599192091e+03 -2.010594926105113700e-06
2.205123026156517881e+03 -2.294721753060002811e-06
2.301058575971473601e+03 -1.524774916106252931e-06
2.401167874647207555e+03 3.527318085616570897e-06
2.505632504293651891e+03 2.776305564111680724e-06
2.614641946888158600e+03 1.038251411955570802e-06
2.728393927965224520e+03 -1.489143528488057200e-06
2.847094775258697155e+03 -3.332528876853757538e-06
2.970959792946985999e+03 -6.906604539835825562e-06
3.100213652180082590e+03 -8.034144229895900935e-06
3.235090798596772402e+03 -6.964286512811668217e-06
3.375835877571179935e+03 -1.171916846942622215e-05
3.522704177959990830e+03 -1.385813538945512846e-05
3.675962095155237876e+03 -1.119037733587902039e-05
3.835887614282542017e+03 -1.092368620447814465e-05
4.002770814421259274e+03 -8.920805157686118037e-06
4.176914394761118274e+03 -5.373940894060069695e-06
4.358634223649688465e+03 -4.830688453694165219e-07
4.548259911526584801e+03 -1.917695271913544275e-06
4.746135408783600724e+03 -3.027415687029133551e-06
4.952619629635212732e+03 4.249909011377894785e-07
5.168087103131028925e+03 -6.279803528741467744e-06
5.392928652491033972e+03 2.020102101596421562e-06
5.627552103995834841e+03 1.291061835217988119e-05
5.872383026717707253e+03 6.338171715469798073e-06
6.127865504434204922e+03 2.238085926364874467e-06
6.394462941124460485e+03 -2.383785840720520355e-06
6.672658901509206771e+03 -2.319282884855056182e-06
6.962957988159124397e+03 -5.567590505961561576e-06
7.265886756762472032e+03 -4.188803359284065664e-06
7.581994671212109097e+03 -5.518469606613507494e-06
7.911855100244319146e+03 -1.131006683863233775e-05
8.256066357437146507e+03 -9.549812602926976979e-06
8.615252786454671877e+03 -5.045407306170091033e-06
8.990065893505638087e+03 -8.029645869100932032e-06
9.381185529070553457e+03 6.248544195841532201e-06
9.789321121040737125e+03 6.520428996736882254e-06
