1.982589950881514937e+02 1.495568043690328197e-01
3.048734469695965572e+02 1.137750745770398225e-01
4.009105651627324960e+02 1.054573305529018512e-01
5.069740167368212269e+02 9.273640505281084689e-02
5.928495598393640194e+02 9.373489213714175650e-02
6.932714281177487692e+02 8.978762844284539357e-02
8.107036010529400301e+02 8.724244190104697705e-02
9.116564358770771150e+02 8.183681430837114190e-02
9.858494587178394113e+02 7.095899979884831565e-02
1.108612324749449499e+03 7.174899708217111205e-02
1.198834141099109502e+03 7.228011684841199880e-02
1.296398448564652654e+03 6.744903425359682902e-02
1.401902798580622402e+03 6.491480800368475135e-02
1.515993372904880061e+03 6.182308542875855628e-02
1.576474690799666178e+03 6.250888223173324543e-02
1.704772389515363102e+03 5.705963979353457366e-02
1.772785141201054103e+03 5.574975753685899177e-02
1.917059105928077997e+03 5.193053975267702266e-02
1.993541142908595248e+03 5.282572699561723789e-02
2.073074469211700034e+03 5.223353859753424727e-02
2.241786777261007046e+03 4.944948601936931948e-02
2.331223987971264251e+03 4.655146400670010648e-02
2.424229341174274396e+03 4.692541399344610231e-02
2.520945189708942053e+03 4.807006161345290379e-02
2.621519565652261463e+03 4.628511127615293069e-02
2.726106406895375585e+03 4.394664779202881594e-02
2.834865792758993848e+03 4.381842438445549687e-02
2.947964189008821450e+03 4.340849833384471945e-02
3.065574702645990328e+03 4.207244922443115903e-02
3.187877346862481318e+03 4.206642087994516555e-02
3.315059316567088899e+03 3.952193881008417287e-02
3.447315274903620320e+03 3.847716003116262440e-02
3.584847651199883330e+03 3.694008388156901773e-02
3.727866950803510917e+03 3.586835835336781714e-02
3.876592077278823126e+03 3.576196966748692446e-02
4.031250667457909003e+03 3.492736645578618793e-02
4.192079439858741353e+03 3.484781288101301833e-02
4.359324557003588779e+03 3.363385511135112693e-02
4.533242002192328982e+03 3.222166191968328652e-02
4.714097971307303851e+03 3.141155668744510104e-02
4.902169280249422627e+03 3.167076721998694777e-02
5.097743788629162736e+03 3.035738401532567243e-02
5.301120840360902548e+03 2.971147540736801193e-02
5.512611721834996388e+03 2.889702580983236763e-02
5.732540138368876796e+03 2.865179003360424081e-02
5.961242709666372320e+03 2.832837536327498240e-02
6.199069485043654822e+03 2.739815243873069961e-02
6.446384479210398240e+03 2.648989541403485443e-02
6.703566229426136488e+03 2.571422873982371834e-02
6.971008374884715522e+03 2.506933309970494836e-02
7.249120259213560530e+03 2.335120400314413466e-02
7.538327557009928569e+03 2.367720544035334038e-02
7.839072925373187900e+03 2.338709625768694081e-02
8.151816681430262179e+03 2.273668269542401463e-02
8.477037506891305384e+03 2.223181945607730081e-02
8.815233180714003538e+03 2.173393921312909496e-02
9.166921340997854713e+03 2.152394518781544988e-02
9.532640277274607797e+03 2.073317125371073807e-02
9.912949754407567525e+03 2.015618901203678967e-02
1.030843186936070742e+04 2.013898202448127436e-02
1.071969194214906747e+04 1.953830586916214390e-02
1.114735944233409100e+04 1.878369211047827003e-02
1.159208895248186127e+04 1.860313128045198994e-02
1.205456117005906890e+04 1.845851541314367378e-02
1.253548394930015638e+04 1.787426332089711925e-02
1.303559338464013672e+04 1.763076429088754338e-02
1.355565493737164434e+04 1.709426257998158255e-02
1.409646460725048564e+04 1.683140040018693551e-02
1.465885015084295628e+04 1.629784804914789428e-02
1.524367234847982581e+04 1.612932841487743629e-02
1.585182632175594517e+04 1.572264906382522115e-02
1.648424290359227234e+04 1.550214375825958654e-02
1.714189006295725630e+04 1.514588952226177641e-02
1.782577438642800553e+04 1.505100227154241091e-02
1.853694261885925880e+04 1.464031167137536116e-02
1.927648326551812352e+04 1.427158253807780941e-02
2.004552825813662275e+04 1.394946342367642256e-02
2.084525468743237434e+04 1.381918584575842976e-02
2.167688660474912831e+04 1.349136714143278452e-02
2.254169689557440142e+04 1.333328928816746375e-02
2.344100922780231122e+04 1.323222493050488571e-02
2.437620007772318422e+04 1.296117173054130330e-02
2.534870083684104611e+04 1.276289785923495623e-02
2.636000000274380000e+04 1.260964698631915001e-02
2.741164545737900335e+04 1.236334131556693361e-02
2.850524683622281736e+04 1.223450308090204101e-02
2.964247799196818596e+04 1.208035922478657709e-02
3.082507955650280201e+04 1.178900731280450691e-02
3.205486160509876208e+04 1.174767060627652203e-02
3.333370642689138913e+04 1.144363091716416383e-02
3.466357140588743641e+04 1.133150362027495091e-02
3.604649201691285270e+04 1.119901552205610114e-02
3.748458494108525338e+04 1.109062041696117981e-02
3.898005130557976372e+04 1.095771836294107474e-02
4.053518005264701787e+04 1.084942298039207227e-02
4.215235144303960260e+04 1.078223790935570886e-02
4.383404069920966867e+04 1.066211431431757922e-02
4.558282179385382187e+04 1.059173538545393929e-02
4.740137138960356242e+04 1.050563054607052405e-02
4.929247293589193578e+04 1.041655828983051139e-02
5.125902092926688783e+04 1.024514083415408242e-02
5.330402534367140470e+04 1.010735176514263034e-02
5.543061623747244448e+04 9.998892497878332855e-03
5.764204854428952967e+04 9.895218417558675900e-03
5.994170705495546281e+04 9.868255157961488763e-03
6.233311159823532216e+04 9.808703923150098244e-03
6.481992242823265406e+04 9.730789101313050068e-03
6.740594582672885736e+04 9.587731447206310556e-03
7.009513992903112376e+04 9.567077661562613938e-03
7.289162078224474681e+04 9.514025505484623516e-03
7.579966864524396078e+04 9.506911079698927847e-03
7.882373453998325567e+04 9.456349860847276453e-03
8.196844706417585257e+04 9.399181503273819696e-03
8.523861947576810780e+04 9.305961273926879190e-03
8.863925706005263783e+04 9.242231628436450505e-03
9.217556479069538182e+04 9.215740554507863280e-03
9.585295529640383029e+04 9.214673883580170449e-03
9.967705714542970236e+04 9.227731180468134661e-03
1.036537234605849953e+05 9.145294844194132994e-03
1.077890408779594873e+05 9.109591346371192361e-03
1.120893388630503468e+05 9.078156373021178602e-03
1.165611993985631998e+05 9.069290349394651049e-03
1.212114670587137080e+05 9.030519251178165813e-03
1.260472594854470954e+05 9.172653406225498782e-03
1.310759782826130104e+05 9.655122100861102813e-03
1.363053203447686974e+05 1.016290238728310112e-02
1.417432896379496669e+05 1.071486545816539154e-02
1.473982094504409761e+05 1.127575169096989988e-02
1.532787351322994218e+05 1.187585848410932163e-02
1.593938673431240604e+05 1.248094519956221247e-02
1.657529658283545286e+05 1.311083569937716506e-02
1.723657637451810879e+05 1.376106876858703559e-02
1.792423825599941483e+05 1.445504471673808924e-02
1.863933475401755131e+05 1.517683704070121008e-02
1.938296038639411272e+05 1.592614008766201142e-02
2.015625333728953265e+05 1.670739964108483577e-02
2.096039719929369749e+05 1.751542897665925649e-02
2.179662278501794790e+05 1.836236751680415599e-02
2.266621001096163236e+05 1.923756681249984279e-02
2.357048985653650307e+05 2.014871695126914733e-02
2.451084640124711150e+05 2.109798474184219549e-02
