1.982589950881514937e+02 1.702204547748319419e-01
3.048734469695965572e+02 1.447981217744247207e-01
4.009105651627324960e+02 1.390545848614393176e-01
5.069740167368212269e+02 1.292900319979594648e-01
5.928495598393640194e+02 1.201159773876054881e-01
6.932714281177487692e+02 1.246163525677646683e-01
8.107036010529400301e+02 1.147301590417419276e-01
9.116564358770771150e+02 1.125609658883351821e-01
9.858494587178394113e+02 1.051498582945053495e-01
1.108612324749449499e+03 1.069931984456757440e-01
1.198834141099109502e+03 1.083977056371915743e-01
1.296398448564652654e+03 1.037234643164116066e-01
1.401902798580622402e+03 1.029642448220347423e-01
1.515993372904880061e+03 9.975440516939469704e-02
1.576474690799666178e+03 1.032435701719285337e-01
1.704772389515363102e+03 9.734991545293369963e-02
1.772785141201054103e+03 9.871757004113927703e-02
1.917059105928077997e+03 9.466546435063001586e-02
1.993541142908595248e+03 9.304070523583451990e-02
2.073074469211700034e+03 9.330074711838616530e-02
2.241786777261007046e+03 9.222955825605667901e-02
2.331223987971264251e+03 8.995306485784670958e-02
2.424229341174274396e+03 9.157936330559747484e-02
2.520945189708942053e+03 9.161343006614043605e-02
2.621519565652261463e+03 8.956842133470971357e-02
2.726106406895375585e+03 8.866135011708270453e-02
2.834865792758993848e+03 8.755766307918451397e-02
2.947964189008821450e+03 8.625498692958408209e-02
3.065574702645990328e+03 8.424306035623520261e-02
3.187877346862481318e+03 8.554612725811379381e-02
3.315059316567088899e+03 8.292933425782750279e-02
3.447315274903620320e+03 8.262246259513819635e-02
3.584847651199883330e+03 8.117159010692066856e-02
3.727866950803510917e+03 8.069195404536592953e-02
3.876592077278823126e+03 8.071539222494808485e-02
4.031250667457909003e+03 7.990497448223594923e-02
4.192079439858741353e+03 7.980509125039196572e-02
4.359324557003588779e+03 7.811021368278128763e-02
4.533242002192328982e+03 7.656999502619314668e-02
4.714097971307303851e+03 7.602658560093136786e-02
4.902169280249422627e+03 7.616113808070985869e-02
5.097743788629162736e+03 7.600191948029540179e-02
5.301120840360902548e+03 7.524322887174737795e-02
5.512611721834996388e+03 7.449053995911983361e-02
5.732540138368876796e+03 7.439172324994808294e-02
5.961242709666372320e+03 7.435506659021423603e-02
6.199069485043654822e+03 7.375299569964076374e-02
6.446384479210398240e+03 7.307897560255001423e-02
6.703566229426136488e+03 7.215258966394329232e-02
6.971008374884715522e+03 7.136730619972055101e-02
7.249120259213560530e+03 7.039072615733388272e-02
7.538327557009928569e+03 6.972052293540138834e-02
7.839072925373187900e+03 7.002987980226103859e-02
8.151816681430262179e+03 6.926987145877683272e-02
8.477037506891305384e+03 6.894051943006822281e-02
8.815233180714003538e+03 6.846928087131755325e-02
9.166921340997854713e+03 6.808002746511095105e-02
9.532640277274607797e+03 6.731832174145438441e-02
9.912949754407567525e+03 6.694394620575903898e-02
1.030843186936070742e+04 6.680205265569287565e-02
1.071969194214906747e+04 6.648709165327930382e-02
1.114735944233409100e+04 6.574172171378847573e-02
1.159208895248186127e+04 6.565505271644464513e-02
1.205456117005906890e+04 6.526198425487046706e-02
1.253548394930015638e+04 6.479797073108914396e-02
1.303559338464013672e+04 6.445950874779331208e-02
1.355565493737164434e+04 6.392862346859226608e-02
1.409646460725048564e+04 6.380466031529437310e-02
1.465885015084295628e+04 6.307111397364463523e-02
1.524367234847982581e+04 6.307617488930246374e-02
1.585182632175594517e+04 6.271542964801492259e-02
1.648424290359227234e+04 6.241505595455248273e-02
1.714189006295725630e+04 6.214318888580546568e-02
1.782577438642800553e+04 6.203734257628944204e-02
1.853694261885925880e+04 6.171875572106697017e-02
1.927648326551812352e+04 6.135075383280439582e-02
2.004552825813662275e+04 6.116761818359746361e-02
2.084525468743237434e+04 6.102484731661667050e-02
2.167688660474912831e+04 6.072550248448936594e-02
2.254169689557440142e+04 6.034547316627496272e-02
2.344100922780231122e+04 6.036150421041890091e-02
2.437620007772318422e+04 6.008608778233822528e-02
2.534870083684104611e+04 5.996022254905628707e-02
2.636000000274380000e+04 5.972805811352926986e-02
2.741164545737900335e+04 5.950578611719281596e-02
2.850524683622281736e+04 5.938793143300102190e-02
2.964247799196818596e+04 5.918172664223894652e-02
3.082507955650280201e+04 5.892367005712761258e-02
3.205486160509876208e+04 5.889623482509568492e-02
3.333370642689138913e+04 5.867122958104219882e-02
3.466357140588743641e+04 5.850583665458337912e-02
3.604649201691285270e+04 5.844213397613545052e-02
3.748458494108525338e+04 5.819533278663510667e-02
3.898005130557976372e+04 5.806608771853483814e-02
4.053518005264701787e+04 5.786433980876121153e-02
4.215235144303960260e+04 5.785969532369462237e-02
4.383404069920966867e+04 5.771041933063070228e-02
4.558282179385382187e+04 5.764337933829923044e-02
4.740137138960356242e+04 5.753523179710555435e-02
4.929247293589193578e+04 5.741989776828843040e-02
5.125902092926688783e+04 5.731042479764388714e-02
5.330402534367140470e+04 5.718787830837400443e-02
5.543061623747244448e+04 5.711784785701805311e-02
5.764204854428952967e+04 5.702671252023283621e-02
5.994170705495546281e+04 5.697529515404581302e-02
6.233311159823532216e+04 5.687603327868404751e-02
6.481992242823265406e+04 5.678931698531696631e-02
6.740594582672885736e+04 5.662495890460834957e-02
7.009513992903112376e+04 5.659877871049143888e-02
7.289162078224474681e+04 5.651546101850617870e-02
7.579966864524396078e+04 5.652119383408830272e-02
7.882373453998325567e+04 5.646609195315570318e-02
8.196844706417585257e+04 5.642651153680643822e-02
8.523861947576810780e+04 5.636933038028939247e-02
8.863925706005263783e+04 5.632429177119642472e-02
9.217556479069538182e+04 5.627216517839166848e-02
9.585295529640383029e+04 5.624248380242761330e-02
9.967705714542970236e+04 5.622467710470102631e-02
1.036537234605849953e+05 5.611577325751811868e-02
1.077890408779594873e+05 5.604590246126289060e-02
1.120893388630503468e+05 5.599589706768262620e-02
1.165611993985631998e+05 5.597925560631965974e-02
1.212114670587137080e+05 5.594633300622040700e-02
1.260472594854470954e+05 5.594778839889515826e-02
1.310759782826130104e+05 5.606650248481569870e-02
1.363053203447686974e+05 5.614121167160562170e-02
1.417432896379496669e+05 5.628086385652662782e-02
1.473982094504409761e+05 5.639730998323358446e-02
1.532787351322994218e+05 5.655491505700328131e-02
1.593938673431240604e+05 5.667945597353703235e-02
1.657529658283545286e+05 5.680911389720142562e-02
1.723657637451810879e+05 5.692135729982366471e-02
1.792423825599941483e+05 5.708606544602434080e-02
1.863933475401755131e+05 5.726342207798065104e-02
1.938296038639411272e+05 5.745266306365662268e-02
2.015625333728953265e+05 5.765352437095822707e-02
2.096039719929369749e+05 5.784166069835448842e-02
2.179662278501794790e+05 5.804742060189263531e-02
2.266621001096163236e+05 5.825556144977827450e-02
2.357048985653650307e+05 5.847392997006364140e-02
2.451084640124711150e+05 5.870794318457401434e-02
