1.982589950881514937e+02 1.320446339873685704e-01
3.048734469695965572e+02 1.293925748207626625e-01
4.009105651627324960e+02 1.328838880726498917e-01
5.069740167368212269e+02 1.248040924830404741e-01
5.928495598393640194e+02 1.252883364768403174e-01
6.932714281177487692e+02 1.288467435577120568e-01
8.107036010529400301e+02 1.242131520655005844e-01
9.116564358770771150e+02 1.261223446142265558e-01
9.858494587178394113e+02 1.198675201000339724e-01
1.108612324749449499e+03 1.200975248281077046e-01
1.198834141099109502e+03 1.190741823851249048e-01
1.296398448564652654e+03 1.168696281337184284e-01
1.401902798580622402e+03 1.110502269316471641e-01
1.515993372904880061e+03 1.180924177298953159e-01
1.576474690799666178e+03 1.165806499652861095e-01
1.704772389515363102e+03 1.167610994593285129e-01
1.772785141201054103e+03 1.150142338326248653e-01
1.917059105928077997e+03 1.154523000949330830e-01
1.993541142908595248e+03 1.102294637815316447e-01
2.073074469211700034e+03 1.151362003414079793e-01
2.241786777261007046e+03 1.116768416661827329e-01
2.331223987971264251e+03 1.086945042138910272e-01
2.424229341174274396e+03 1.109125346143148144e-01
2.520945189708942053e+03 1.109312526476768368e-01
2.621519565652261463e+03 1.084570105145023916e-01
2.726106406895375585e+03 1.062882159272873911e-01
2.834865792758993848e+03 1.064812521096259873e-01
2.947964189008821450e+03 1.079881203501827369e-01
3.065574702645990328e+03 1.034967227700536313e-01
3.187877346862481318e+03 1.047105939327952900e-01
3.315059316567088899e+03 1.049534293491072856e-01
3.447315274903620320e+03 1.031805410835267556e-01
3.584847651199883330e+03 1.031130684633404376e-01
3.727866950803510917e+03 1.010186984183140402e-01
3.876592077278823126e+03 1.031076460428510672e-01
4.031250667457909003e+03 1.010752580999444705e-01
4.192079439858741353e+03 1.032883496667671014e-01
4.359324557003588779e+03 1.000911184118377928e-01
4.533242002192328982e+03 9.830891667448335425e-02
4.714097971307303851e+03 9.718879570545077562e-02
4.902169280249422627e+03 9.664610841441705069e-02
5.097743788629162736e+03 9.462300330940467963e-02
5.301120840360902548e+03 9.668883915893418390e-02
5.512611721834996388e+03 9.344812600985284712e-02
5.732540138368876796e+03 8.997595954334403068e-02
5.961242709666372320e+03 8.860852826666130999e-02
6.199069485043654822e+03 8.811271676191446967e-02
6.446384479210398240e+03 8.765182741268785771e-02
6.703566229426136488e+03 8.726410737932636941e-02
6.971008374884715522e+03 8.656046649086707179e-02
7.249120259213560530e+03 8.408798540534337396e-02
7.538327557009928569e+03 8.426905033423752467e-02
7.839072925373187900e+03 8.384488302686270156e-02
8.151816681430262179e+03 8.356309824489839555e-02
8.477037506891305384e+03 8.133083521770474722e-02
8.815233180714003538e+03 8.132682891506810841e-02
9.166921340997854713e+03 7.988457820767011497e-02
9.532640277274607797e+03 8.111785827487166811e-02
9.912949754407567525e+03 7.768521130254495144e-02
1.030843186936070742e+04 7.701585350405501518e-02
1.071969194214906747e+04 7.576791532198494383e-02
1.114735944233409100e+04 7.461169153643128216e-02
1.159208895248186127e+04 7.283065958961729147e-02
1.205456117005906890e+04 7.185749114470943444e-02
1.253548394930015638e+04 6.992504210071240345e-02
1.303559338464013672e+04 6.982621145781843508e-02
1.355565493737164434e+04 6.945293326086492136e-02
1.409646460725048564e+04 6.756190073616374914e-02
1.465885015084295628e+04 6.660293833217287296e-02
1.524367234847982581e+04 6.661602891977129459e-02
1.585182632175594517e+04 6.427565360377222869e-02
1.648424290359227234e+04 6.363077752091195194e-02
1.714189006295725630e+04 6.207399122599824987e-02
1.782577438642800553e+04 6.208422659680223887e-02
1.853694261885925880e+04 6.119972970130151124e-02
1.927648326551812352e+04 6.100971894259404893e-02
2.004552825813662275e+04 5.946102020009819827e-02
2.084525468743237434e+04 5.862719728080038883e-02
2.167688660474912831e+04 5.784532408597066466e-02
2.254169689557440142e+04 5.694757171290390496e-02
2.344100922780231122e+04 5.666432872934249604e-02
2.437620007772318422e+04 5.535924526387206446e-02
2.534870083684104611e+04 5.482632533645365180e-02
2.636000000274380000e+04 5.396557295960276168e-02
2.741164545737900335e+04 5.274746861777792478e-02
2.850524683622281736e+04 5.157498326087098239e-02
2.964247799196818596e+04 5.073364256311865134e-02
3.082507955650280201e+04 4.987461615823560873e-02
3.205486160509876208e+04 4.919903854588463660e-02
3.333370642689138913e+04 4.865202950789693226e-02
3.466357140588743641e+04 4.765378168909675111e-02
3.604649201691285270e+04 4.720340739244836131e-02
3.748458494108525338e+04 4.636418754595011266e-02
3.898005130557976372e+04 4.540890110891948606e-02
4.053518005264701787e+04 4.462857882545706589e-02
4.215235144303960260e+04 4.330587432694498612e-02
4.383404069920966867e+04 4.263029259704735618e-02
4.558282179385382187e+04 4.192921317654420277e-02
4.740137138960356242e+04 4.126400520475084072e-02
4.929247293589193578e+04 4.054911204052268764e-02
5.125902092926688783e+04 3.980275136189109775e-02
5.330402534367140470e+04 3.944423683411165532e-02
5.543061623747244448e+04 3.858976056985385233e-02
5.764204854428952967e+04 3.830750770296266483e-02
5.994170705495546281e+04 3.795903350286797956e-02
6.233311159823532216e+04 3.740220722110503687e-02
6.481992242823265406e+04 3.744420177434658326e-02
6.740594582672885736e+04 3.673938231067790106e-02
7.009513992903112376e+04 3.662341191051066147e-02
7.289162078224474681e+04 3.657841084998967457e-02
7.579966864524396078e+04 3.608908720736007936e-02
7.882373453998325567e+04 3.545063622789228208e-02
8.196844706417585257e+04 3.517453868227540803e-02
8.523861947576810780e+04 3.533071795909299706e-02
8.863925706005263783e+04 3.493047584808370298e-02
9.217556479069538182e+04 3.455350135013182666e-02
9.585295529640383029e+04 3.417924141004356070e-02
9.967705714542970236e+04 3.406392794763733051e-02
1.036537234605849953e+05 3.349135191692068081e-02
1.077890408779594873e+05 3.311464719021363357e-02
1.120893388630503468e+05 3.310930069958752803e-02
1.165611993985631998e+05 3.303066068331957789e-02
1.212114670587137080e+05 3.290546027979065341e-02
1.260472594854470954e+05 3.432973002972246335e-02
1.310759782826130104e+05 4.067588608648014387e-02
1.363053203447686974e+05 4.743616556142961349e-02
1.417432896379496669e+05 5.455581325310090296e-02
1.473982094504409761e+05 6.192427618916331034e-02
1.532787351322994218e+05 6.954433334364060193e-02
1.593938673431240604e+05 7.740613859480324765e-02
1.657529658283545286e+05 8.572819979357396147e-02
1.723657637451810879e+05 9.443855710961039651e-02
1.792423825599941483e+05 1.034183264080363041e-01
1.863933475401755131e+05 1.126746138211367626e-01
1.938296038639411272e+05 1.222796771266012189e-01
2.015625333728953265e+05 1.323400793800183495e-01
2.096039719929369749e+05 1.427116390202443352e-01
2.179662278501794790e+05 1.536681770075941644e-01
2.266621001096163236e+05 1.650286947997821607e-01
2.357048985653650307e+05 1.767973900655786801e-01
2.451084640124711150e+05 1.890569273400155847e-01
