2.043042592301205218e+00 2.666357532143592834e-02
4.038266916426432651e+00 1.763579808175563812e-02
5.924458630491677091e+00 1.280339062213897705e-02
7.982016503109700345e+00 9.745124727487564087e-03
9.876131672327348454e+00 7.598330266773700714e-03
1.221971625480199464e+01 6.310450378805398941e-03
1.388499320813136961e+01 5.335763096809387207e-03
1.577721056445088976e+01 4.680314566940069199e-03
1.792729527942781687e+01 4.060300532728433609e-03
2.037038896850017622e+01 3.552078735083341599e-03
2.218140348862271338e+01 3.055935259908437729e-03
2.415342492899436877e+01 2.575405640527606010e-03
2.630076749200283004e+01 2.253181766718626022e-03
2.744500233059069672e+01 2.057461999356746674e-03
2.988498017305386512e+01 2.156616421416401863e-03
3.254188245953778136e+01 1.914507010951638222e-03
3.395764173860658985e+01 1.826537190936505795e-03
3.543499469894943132e+01 1.918368740007281303e-03
3.858531696424819302e+01 1.776680932380259037e-03
4.026400044532429234e+01 1.870232634246349335e-03
4.201571632450789906e+01 1.524454681202769279e-03
4.384364193167296975e+01 1.282091950997710228e-03
4.575109282883960304e+01 1.016712514683604240e-03
4.774152882406840348e+01 1.244823215529322624e-03
4.981856024699383312e+01 9.504655608907341957e-04
5.198595449737955221e+01 8.083907887339591980e-04
5.424764287857346545e+01 1.147400704212486744e-03
5.660772772825743004e+01 8.368996786884963512e-04
5.907048985942578412e+01 1.071376260370016098e-03
6.164039632508912803e+01 1.013157656416296959e-03
6.432210852078745233e+01 1.085635973140597343e-03
6.712049063960940032e+01 1.118410611525177956e-03
7.004061849505332304e+01 7.452414138242602348e-04
7.308778872773380897e+01 8.661697502247989178e-04
7.626752841263277105e+01 6.315744249150156975e-04
7.958560508432152858e+01 5.255000432953238487e-04
8.304803719833741127e+01 6.877886480651795864e-04
8.666110504769095257e+01 4.310842195991426706e-04
9.043136215430361347e+01 1.591687614563852549e-04
9.436564715603878994e+01 1.600357354618608952e-04
9.847109621088709730e+01 2.605007612146437168e-04
1.027551559408053947e+02 5.071330233477056026e-04
1.072255969386869054e+02 5.139618879184126854e-04
1.118905278629624860e+02 5.032867193222045898e-04
1.167584101453984573e+02 6.292888429015874863e-04
1.218380733387679697e+02 5.978322005830705166e-04
1.271387311322346534e+02 3.462938766460865736e-04
1.326699980634978147e+02 4.598524828907102346e-04
1.384419069580119697e+02 5.599152646027505398e-04
1.444649271269125279e+02 6.623272784054279327e-04
1.507499833566568839e+02 4.741081211250275373e-04
1.573084757248236087e+02 4.231841885484755039e-04
1.641523002780131151e+02 3.604783851187676191e-04
1.712938706093561052e+02 4.012644058093428612e-04
1.787461403747681743e+02 3.541543264873325825e-04
1.865226267887907738e+02 6.870855577290058136e-04
1.946374351426364342e+02 6.772557971999049187e-04
2.031052843889107180e+02 4.865066730417311192e-04
2.119415338394164223e+02 2.712134155444800854e-04
2.211622110244661883e+02 2.038453822024166584e-04
2.307840407642355842e+02 -9.229135685018263757e-06
2.408244755048876584e+02 1.839978649513795972e-04
2.513017269744933060e+02 5.863142359885387123e-05
2.622347992161663228e+02 2.014581405092030764e-04
2.736435230583305724e+02 2.471162297297269106e-04
2.855485920846421095e+02 2.299932384630665183e-04
2.979716001688096867e+02 -3.507658548187464476e-04
3.109350806423963718e+02 -3.543024358805269003e-04
3.244625471666464591e+02 -6.147981184767559171e-05
3.385785363824716114e+02 -7.445893425028771162e-05
3.533086524159566579e+02 -6.883945752633735538e-05
3.686796133201125372e+02 -2.073413634207099676e-04
3.847192995371116240e+02 -3.245249536121264100e-05
4.014568044689100361e+02 1.291225780732929707e-04
4.189224872479830992e+02 -3.135811130050569773e-05
4.371480278038918641e+02 -1.525376865174621344e-05
4.561664843255612141e+02 3.914664557669311762e-05
4.760123532234998152e+02 4.321275337133556604e-04
4.967216317007205930e+02 -8.458769298158586025e-05
5.183318830458571256e+02 1.243082951987162232e-04
5.408823047669059179e+02 -5.100040652905590832e-05
5.644137996891803368e+02 8.777793846093118191e-05
5.889690501464336876e+02 -1.570374151924625039e-04
6.145925953997221995e+02 4.885590169578790665e-05
6.413309124244375425e+02 -4.747695347759872675e-04
6.692325002120380759e+02 -3.791389463003724813e-04
6.983479677393909242e+02 -8.556194188713561743e-06
7.287301257652891309e+02 8.242479088949039578e-05
7.604340826206433803e+02 2.088956243824213743e-04
7.935173441660990648e+02 1.414439029758796096e-04
8.280399180983863516e+02 -2.398901269771158695e-04
8.640644227945977036e+02 -3.907390055246651173e-04
9.016562008918157289e+02 -6.853051309008151293e-05
9.408834378081106706e+02 5.803537715109996498e-05
9.818172854198849109e+02 -2.261229965370148420e-04
1.024531991119891472e+03 -3.193683805875480175e-04
1.069105032490020221e+03 -2.645304484758526087e-04
1.115617257833127042e+03 -2.366150147281587124e-04
1.164153032818806423e+03 -1.700445136521011591e-04
1.214800393509098967e+03 2.321219799341633916e-04
1.267651206041699197e+03 -8.873927436070516706e-05
1.322801333260301590e+03 -2.906563167925924063e-04
1.380350808594325372e+03 -2.120663848472759128e-04
1.440404017503412206e+03 2.214609557995572686e-04
1.503069886815799691e+03 4.910675124847330153e-05
1.568462082304007026e+03 -3.592913562897592783e-04
1.636699214856203298e+03 -3.131129778921604156e-04
1.707905055617212383e+03 -1.845070801209658384e-04
1.782208760489390897e+03 5.548391709453426301e-05
1.859745104400591799e+03 -2.194161643274128437e-04
1.940654725764129353e+03 1.096998312277719378e-05
2.025084381574161853e+03 1.934507890837267041e-04
2.113187213599192091e+03 -2.194821718148887157e-05
2.205123026156517881e+03 -3.731724791578017175e-05
2.301058575971473601e+03 7.324800390051677823e-05
2.401167874647207555e+03 -1.923159725265577435e-04
2.505632504293651891e+03 -6.874406244605779648e-05
2.614641946888158600e+03 1.288178173126652837e-04
2.728393927965224520e+03 1.042627700371667743e-04
2.847094775258697155e+03 -7.648539030924439430e-05
2.970959792946985999e+03 6.970495451241731644e-05
3.100213652180082590e+03 -8.303787762997671962e-05
3.235090798596772402e+03 -1.938712739502079785e-05
3.375835877571179935e+03 -8.134767267620190978e-05
3.522704177959990830e+03 -1.052799416356720030e-05
3.675962095155237876e+03 -7.100431685103103518e-05
3.835887614282542017e+03 1.107985153794288635e-04
4.002770814421259274e+03 -3.043370998057071120e-05
4.176914394761118274e+03 -1.795940333977341652e-04
4.358634223649688465e+03 -5.125774623593315482e-05
4.548259911526584801e+03 1.058531124726869166e-04
4.746135408783600724e+03 1.099622677429579198e-04
4.952619629635212732e+03 1.577103103045374155e-04
5.168087103131028925e+03 1.505266700405627489e-04
5.392928652491033972e+03 1.933928724611178041e-04
5.627552103995834841e+03 8.397702913498505950e-05
5.872383026717707253e+03 -5.446920840768143535e-05
6.127865504434204922e+03 -1.907111000036820769e-04
6.394462941124460485e+03 -8.982383587863296270e-05
6.672658901509206771e+03 1.011397689580917358e-04
6.962957988159124397e+03 -3.665243275463581085e-04
7.265886756762472032e+03 -2.975793031509965658e-04
7.581994671212109097e+03 -1.336763525614514947e-04
7.911855100244319146e+03 -5.207662616157904267e-05
8.256066357437146507e+03 -1.186450026580132544e-04
8.615252786454671877e+03 4.083423118572682142e-04
8.990065893505638087e+03 -3.686430572997778654e-04
9.381185529070553457e+03 8.720501791685819626e-04
9.789321121040737125e+03 -7.302268058992922306e-04
