1.982589950881514937e+02 4.545195954584766995e-01
3.048734469695965572e+02 6.578085837868877239e-02
4.009105651627324960e+02 1.488129677250850935e-01
5.069740167368212269e+02 -4.943438039531988099e-02
5.928495598393640194e+02 7.728716444654749884e-02
6.932714281177487692e+02 -1.616839581399759709e-02
8.107036010529400301e+02 -8.160413947118675196e-03
9.116564358770771150e+02 -9.044667940752748603e-02
9.858494587178394113e+02 -2.249161661039429383e-01
1.108612324749449499e+03 -4.970008811414417145e-03
1.198834141099109502e+03 9.494528483536179841e-02
1.296398448564652654e+03 2.102924363109779371e-01
1.401902798580622402e+03 3.499555418642297244e-01
1.515993372904880061e+03 3.974418328106213427e-01
1.576474690799666178e+03 1.155951810563293353e-01
1.704772389515363102e+03 4.965499851949281909e-03
1.772785141201054103e+03 -8.345350745425868244e-02
1.917059105928077997e+03 -4.171842744590512769e-02
1.993541142908595248e+03 8.012543750331843628e-02
2.073074469211700034e+03 2.523267059370896126e-01
2.241786777261007046e+03 1.560021319701211384e-01
2.331223987971264251e+03 2.055733359003767136e-01
2.424229341174274396e+03 2.722357769545667439e-01
2.520945189708942053e+03 1.988642474195548571e-01
2.621519565652261463e+03 2.806185438888149641e-01
2.726106406895375585e+03 2.459168771729391967e-01
2.834865792758993848e+03 2.604600020034858465e-01
2.947964189008821450e+03 1.002739131868634059e-01
3.065574702645990328e+03 8.087491767602297821e-02
3.187877346862481318e+03 1.559929028936845041e-01
3.315059316567088899e+03 1.959945815930003998e-01
3.447315274903620320e+03 1.642207325351279501e-01
3.584847651199883330e+03 -3.379447980815692711e-04
3.727866950803510917e+03 1.229896608188067175e-01
3.876592077278823126e+03 4.704140702239797273e-02
4.031250667457909003e+03 2.725226999878597178e-01
4.192079439858741353e+03 3.461253672677502835e-01
4.359324557003588779e+03 1.799304028260167998e-01
4.533242002192328982e+03 4.777495649184285847e-02
4.714097971307303851e+03 6.786287973570717669e-02
4.902169280249422627e+03 4.695104118840822544e-02
5.097743788629162736e+03 3.107504464088708396e-01
5.301120840360902548e+03 1.781924396358745277e-01
5.512611721834996388e+03 4.047861825199075558e-02
5.732540138368876796e+03 1.696520898013211265e-01
5.961242709666372320e+03 1.158722904335259124e-01
6.199069485043654822e+03 2.693980568260148645e-01
6.446384479210398240e+03 4.154946115579604693e-01
6.703566229426136488e+03 2.015696967780578885e-01
6.971008374884715522e+03 1.576050964730406900e-01
7.249120259213560530e+03 1.550754578162957531e-01
7.538327557009928569e+03 1.933734719296395788e-01
7.839072925373187900e+03 8.498509932561669478e-02
8.151816681430262179e+03 1.686779226574276203e-01
8.477037506891305384e+03 1.513379557633362238e-01
8.815233180714003538e+03 1.820023959562864224e-01
9.166921340997854713e+03 1.621052931084281390e-01
9.532640277274607797e+03 1.926364988216484053e-01
9.912949754407567525e+03 3.520074516744862714e-01
1.030843186936070742e+04 2.219513080325881127e-01
1.071969194214906747e+04 1.542847105525829987e-01
1.114735944233409100e+04 1.380117067128362462e-01
1.159208895248186127e+04 1.428604114238233302e-01
1.205456117005906890e+04 2.138594341976610691e-01
1.253548394930015638e+04 3.453795556081986073e-01
1.303559338464013672e+04 2.534891829699245647e-01
1.355565493737164434e+04 3.048165072225857419e-01
1.409646460725048564e+04 2.608290022725215929e-01
1.465885015084295628e+04 2.019656878982788728e-01
1.524367234847982581e+04 2.305693663180518327e-01
1.585182632175594517e+04 2.341358635114099418e-01
1.648424290359227234e+04 1.659946008355216718e-01
1.714189006295725630e+04 1.782956310571947867e-01
1.782577438642800553e+04 2.189450265646529503e-01
1.853694261885925880e+04 1.986771538869959164e-01
1.927648326551812352e+04 1.960085928517399101e-01
2.004552825813662275e+04 3.010597150749318440e-01
2.084525468743237434e+04 2.384380775515701212e-01
2.167688660474912831e+04 2.005402961540377060e-01
2.254169689557440142e+04 2.091431796544027111e-01
2.344100922780231122e+04 1.544872582389825999e-01
2.437620007772318422e+04 2.379671163597920358e-01
2.534870083684104611e+04 3.025613115928574293e-01
2.636000000274380000e+04 2.642317611753753903e-01
2.741164545737900335e+04 2.270688225026278595e-01
2.850524683622281736e+04 2.128247648416486115e-01
2.964247799196818596e+04 2.344082354135701707e-01
3.082507955650280201e+04 2.439857594970941401e-01
3.205486160509876208e+04 2.561918294256854689e-01
3.333370642689138913e+04 2.233816226313232178e-01
3.466357140588743641e+04 1.865969857933988951e-01
3.604649201691285270e+04 1.412840919158077913e-01
3.748458494108525338e+04 2.053272165610353639e-01
3.898005130557976372e+04 2.026399883053399409e-01
4.053518005264701787e+04 1.830055768220327228e-01
4.215235144303960260e+04 1.836711734668801388e-01
4.383404069920966867e+04 1.605743768095907464e-01
4.558282179385382187e+04 1.376283688536321104e-01
4.740137138960356242e+04 1.172528270211301016e-01
4.929247293589193578e+04 1.517268884158962661e-01
5.125902092926688783e+04 1.640783697861368795e-01
5.330402534367140470e+04 1.628048063563176384e-01
5.543061623747244448e+04 1.035323220661937271e-01
5.764204854428952967e+04 1.082758946321575877e-01
5.994170705495546281e+04 1.248001023930009196e-01
6.233311159823532216e+04 1.205398740205404495e-01
6.481992242823265406e+04 1.421856688445981287e-01
6.740594582672885736e+04 1.698679374611676007e-01
7.009513992903112376e+04 1.404623303610422758e-01
7.289162078224474681e+04 1.207535342965139757e-01
7.579966864524396078e+04 1.162150722859773555e-01
7.882373453998325567e+04 1.193955453614032464e-01
8.196844706417585257e+04 1.202379983564331317e-01
8.523861947576810780e+04 1.331790747604679193e-01
8.863925706005263783e+04 1.125610033526610598e-01
9.217556479069538182e+04 9.889331494318602533e-02
9.585295529640383029e+04 1.205052709243066983e-01
9.967705714542970236e+04 1.149007281174443951e-01
1.036537234605849953e+05 1.114184964454741772e-01
1.077890408779594873e+05 9.873057356401306051e-02
1.120893388630503468e+05 1.065348326910192100e-01
1.165611993985631998e+05 1.056807912826595863e-01
1.212114670587137080e+05 1.169558299868347917e-01
1.260472594854470954e+05 6.355749120137242636e-02
1.310759782826130104e+05 -1.058812849454229682e-01
1.363053203447686974e+05 -3.141898217035520302e-01
1.417432896379496669e+05 -5.267466911839870924e-01
1.473982094504409761e+05 -7.395789425667562700e-01
1.532787351322994218e+05 -9.600416948236493164e-01
1.593938673431240604e+05 -1.198187258654625387e+00
1.657529658283545286e+05 -1.420719383333496122e+00
1.723657637451810879e+05 -1.675168234037011095e+00
1.792423825599941483e+05 -1.933421681611657394e+00
1.863933475401755131e+05 -2.223960027640435211e+00
1.938296038639411272e+05 -2.491527929226350135e+00
2.015625333728953265e+05 -2.775984199865862312e+00
2.096039719929369749e+05 -3.088134884182617945e+00
2.179662278501794790e+05 -3.398137374360742147e+00
2.266621001096163236e+05 -3.725201588048994594e+00
2.357048985653650307e+05 -4.087003473291415112e+00
2.451084640124711150e+05 -4.442697266651575383e+00
