1.982589950881514937e+02 9.874454178920516467e-01
3.048734469695965572e+02 1.055003263720992956e+00
4.009105651627324960e+02 9.951659385634341604e-01
5.069740167368212269e+02 7.223131097371139342e-01
5.928495598393640194e+02 7.652860843363166188e-01
6.932714281177487692e+02 3.116379607903513871e-01
8.107036010529400301e+02 5.510720975612846129e-01
9.116564358770771150e+02 8.163004962571157597e-01
9.858494587178394113e+02 6.299870507138439768e-01
1.108612324749449499e+03 5.526985149197592984e-01
1.198834141099109502e+03 5.621754270059000635e-01
1.296398448564652654e+03 9.168221797388097505e-01
1.401902798580622402e+03 4.776160789480761171e-01
1.515993372904880061e+03 5.198064106206422563e-01
1.576474690799666178e+03 5.175230320507776538e-01
1.704772389515363102e+03 5.603693656877473117e-01
1.772785141201054103e+03 5.017926817584461574e-01
1.917059105928077997e+03 7.826380916674708921e-01
1.993541142908595248e+03 4.314866116346441349e-01
2.073074469211700034e+03 5.861191112377311940e-01
2.241786777261007046e+03 4.875655442950491136e-01
2.331223987971264251e+03 3.706035967166701472e-01
2.424229341174274396e+03 4.534318341550798159e-01
2.520945189708942053e+03 6.188294091999181346e-01
2.621519565652261463e+03 4.376431653385484677e-01
2.726106406895375585e+03 6.656607199506164863e-01
2.834865792758993848e+03 5.012758982229543747e-01
2.947964189008821450e+03 4.468647282625759498e-01
3.065574702645990328e+03 4.518403729811585889e-01
3.187877346862481318e+03 2.849838010669230592e-01
3.315059316567088899e+03 3.913349556237843418e-01
3.447315274903620320e+03 4.530688486292340778e-01
3.584847651199883330e+03 4.370241746407013128e-01
3.727866950803510917e+03 6.309065360099341824e-01
3.876592077278823126e+03 6.671134745007675226e-01
4.031250667457909003e+03 3.366076193827892693e-01
4.192079439858741353e+03 3.717309642380042245e-01
4.359324557003588779e+03 3.572766442669478848e-01
4.533242002192328982e+03 2.889192757472739959e-01
4.714097971307303851e+03 3.445831198492339542e-01
4.902169280249422627e+03 3.639462930766356741e-01
5.097743788629162736e+03 3.244502720734623868e-01
5.301120840360902548e+03 2.002586911955322735e-01
5.512611721834996388e+03 1.326636717086731865e-01
5.732540138368876796e+03 2.410755091451911025e-01
5.961242709666372320e+03 3.420351119907255599e-01
6.199069485043654822e+03 2.679184022111119057e-01
6.446384479210398240e+03 1.679458232594879252e-01
6.703566229426136488e+03 3.067345828100967453e-01
6.971008374884715522e+03 4.092776040312354202e-01
7.249120259213560530e+03 3.412865131495776971e-01
7.538327557009928569e+03 4.427320691076461756e-01
7.839072925373187900e+03 3.810183747160595935e-01
8.151816681430262179e+03 2.265627007408632931e-01
8.477037506891305384e+03 3.417762345626519926e-01
8.815233180714003538e+03 3.820152101403472833e-01
9.166921340997854713e+03 2.531936470840204789e-01
9.532640277274607797e+03 2.523082621084037913e-01
9.912949754407567525e+03 3.105523022308124825e-01
1.030843186936070742e+04 2.686111523950755475e-01
1.071969194214906747e+04 2.286507941428151391e-01
1.114735944233409100e+04 2.436410169969125961e-01
1.159208895248186127e+04 2.910114287392384647e-01
1.205456117005906890e+04 3.704618804106774022e-01
1.253548394930015638e+04 2.486750557887978386e-01
1.303559338464013672e+04 3.139835304410664718e-01
1.355565493737164434e+04 2.868789067136915394e-01
1.409646460725048564e+04 2.192384227060924506e-01
1.465885015084295628e+04 2.825198493891242779e-01
1.524367234847982581e+04 2.038611105243862687e-01
1.585182632175594517e+04 2.724364507669057578e-01
1.648424290359227234e+04 2.727855912005501815e-01
1.714189006295725630e+04 2.830434473000187912e-01
1.782577438642800553e+04 1.913998666640379376e-01
1.853694261885925880e+04 1.517895557355572189e-01
1.927648326551812352e+04 2.041029463009535749e-01
2.004552825813662275e+04 2.229274190633114827e-01
2.084525468743237434e+04 1.786387777461645732e-01
2.167688660474912831e+04 1.773658709520470056e-01
2.254169689557440142e+04 2.029987434654378642e-01
2.344100922780231122e+04 2.020485066705634269e-01
2.437620007772318422e+04 2.004858349812706775e-01
2.534870083684104611e+04 1.909203775324025965e-01
2.636000000274380000e+04 2.016306858833884219e-01
2.741164545737900335e+04 2.178419063628093677e-01
2.850524683622281736e+04 2.274956027186686991e-01
2.964247799196818596e+04 2.095647080056455280e-01
3.082507955650280201e+04 2.115683498105542792e-01
3.205486160509876208e+04 1.647107756828966874e-01
3.333370642689138913e+04 1.759649759800276103e-01
3.466357140588743641e+04 1.567050753344279845e-01
3.604649201691285270e+04 1.404955396485512431e-01
3.748458494108525338e+04 1.466196771398672050e-01
3.898005130557976372e+04 1.414827740887500129e-01
4.053518005264701787e+04 1.620647561298864392e-01
4.215235144303960260e+04 1.518921168003899980e-01
4.383404069920966867e+04 1.575664328095684186e-01
4.558282179385382187e+04 1.570558636763287608e-01
4.740137138960356242e+04 1.743039834192028348e-01
4.929247293589193578e+04 1.569012937030893062e-01
5.125902092926688783e+04 1.554149417195529459e-01
5.330402534367140470e+04 1.534953555640939382e-01
5.543061623747244448e+04 1.528833537292936251e-01
5.764204854428952967e+04 1.487190426370494645e-01
5.994170705495546281e+04 1.545798385585934742e-01
6.233311159823532216e+04 1.589614137037831665e-01
6.481992242823265406e+04 1.396629371788544460e-01
6.740594582672885736e+04 1.435251572302793655e-01
7.009513992903112376e+04 1.413869360873982739e-01
7.289162078224474681e+04 1.430019292172162171e-01
7.579966864524396078e+04 1.324958291337143268e-01
7.882373453998325567e+04 1.091266961576789207e-01
8.196844706417585257e+04 1.238099563072318637e-01
8.523861947576810780e+04 1.282186072172503133e-01
8.863925706005263783e+04 1.167835746765948091e-01
9.217556479069538182e+04 1.185931791280382813e-01
9.585295529640383029e+04 1.321919277308473417e-01
9.967705714542970236e+04 1.197325176125444146e-01
1.036537234605849953e+05 1.141766812046180746e-01
1.077890408779594873e+05 1.146625330036959989e-01
1.120893388630503468e+05 1.057760700147972049e-01
1.165611993985631998e+05 1.109836008911552208e-01
1.212114670587137080e+05 1.214634814652064271e-01
1.260472594854470954e+05 -4.920507273418892047e-01
1.310759782826130104e+05 -2.761558443105802674e+00
1.363053203447686974e+05 -5.224059454336109631e+00
1.417432896379496669e+05 -7.786422579303898139e+00
1.473982094504409761e+05 -1.044313657400378936e+01
1.532787351322994218e+05 -1.321828852487793249e+01
1.593938673431240604e+05 -1.608854698104220304e+01
1.657529658283545286e+05 -1.907036998284724305e+01
1.723657637451810879e+05 -2.219412911314660874e+01
1.792423825599941483e+05 -2.544004773696122257e+01
1.863933475401755131e+05 -2.879850452314846976e+01
1.938296038639411272e+05 -3.227457918176623508e+01
2.015625333728953265e+05 -3.589549773337374461e+01
2.096039719929369749e+05 -3.967997071231863515e+01
2.179662278501794790e+05 -4.362611603617263256e+01
2.266621001096163236e+05 -4.771572207967522417e+01
2.357048985653650307e+05 -5.196733024924485278e+01
2.451084640124711150e+05 -5.638322861168702360e+01
